1,2,3,4,5,6,7,8,9,10,11,12,13,14,15,16,17,18,19,20,21,22,23,24,25,26
10,7,4,17,15,24,21,19,3,1,13,9,6,18,22,20,16,14,5,23,11,2,12,26,25,8
1,2,3,4,5,6,7,8,9,10,11,12,13,14,15,16,17,18,19,20,21,22,23,24,25,26
14,20,26,16,19,6,2,15,11,13,23,18,3,10,4,9,22,12,1,5,25,21,24,8,7,17
1,2,3,4,5,6,7,8,9,10,11,12,13,14,15,16,17,18,19,20,21,22,23,24,25,26
10,22,9,21,2,8,20,3,4,25,1,11,5,17,26,16,15,19,7,24,14,18,13,23,6,12
1,2,3,4,5,6,7,8,9,10,11,12,13,14,15,16,17,18,19,20,21,22,23,24,25,26
17,25,8,15,7,14,5,3,22,16,21,26,20,6,4,10,1,24,23,13,11,9,19,18,2,12
1,2,3,4,5,6,7,8,9,10,11,12,13,14,15,16,17,18,19,20,21,22,23,24,25,26
17,23,5,18,20,26,21,9,15,1,19,4,6,7,8,10,11,16,25,24,3,22,2,14,13,12
1,2,3,4,5,6,7,8,9,10,11,12,13,14,15,16,17,18,19,20,21,22,23,24,25,26
26,25,24,23,22,21,20,19,18,17,16,15,14,13,12,11,10,9,8,7,6,5,4,3,2,1